# Biocoop
3760159012817
3176800001756
3700477606350
3493832052380

# Carrefour
3435660770821
3435660748851
3435660748837
3435660748868
3435660748875
3435660748844
3435660770876
3095757691103
3095753020013
3302740102868
3302740087042
3560071508142
3523230050999
3228023980063
3301090182063
7555755924918
3506077780236
4334281941810
3560071252410
3182670002908
3456300017717
3456300017533
3251490320001
3234510651705
3301090182063
3302740087042
3560071422813
3456300017717
3456300017533

# E.Leclerc
3564700422168
3564700422151
3564700422168
3564700466742
3302740005008
3302740004582
3564706558229
3564700131435
3023290005576
3564707179812
3564707186278
3043933232701
3043933593703
3292070007905
3339720414390
3700656401158
7300400483070
3175681103849
3564700252468
8052575092760
3760020508593
3302740087103
3041091992086

# Intermarché
3250390469216
3523230050999
3175681104112
3229820801476
3175681259096
3250390207481
3083680567947
3083680646826
3083680646819
7613033132599
7613033701627
3250390177616
3228023170105

# Super U
3302740079436
3250391973316
3250392272852
3250392321963
3250391963485
3250391963492
3346040010136
3336890001872
3760065670123
3267180002334
3339330001121
3339330000988
3339330000742
3276550001209
3179142016025
7613036931182

# Pommes de terre et pommes fruits
3270160056767
3270160062454
3660992020195
3256226088194
3760190650146
3256227087684
3256226088194
3660992020195
3256227087684
3760190650146
3599741006374
3599740009925
3596710375677
3596710536061
3596710375684
3596710536054
3596710536054
3596710375677
3256830005051
3599740009925
3596710375684
3596710536061
3599741007432
3599741006428
8710438128840
3599741006374
3599740004050
3256830010062

# Couscous
3248830001317
3760257091035
3760257091035
3083681178487
3760257091035
3760257091035
3083681178487
3760257091035
3760257091035

# Vin
3564700438114

# Salade composée
3700009281901
3019080021536
3596710089482
3242274032050
3242274032050
3242274003654
3242274034054
3281780063509
3596710024100

# Sandwichs, burger...
3338310002498
3242273012053
3596710515851
3367651000061
3367651001884
3242272861058
3242272920359
3596710510078
3367651000825
8710637106045

# Mais, arachide...
3502790457714
3336972203024
3359899902580
3502490014262
3502490014255
3660992022946

# Produits avec fromage
3073781209044
3032220061193
3032220061100
3254560044128
7622210652478
3596710307470
3596710517701
3240931542959
3250393462924
3560071224981
3701239904554
8710438130034
3252950006633
3560071561390
3596710160730
3271560000534
3151820445841

# Produits avec oeufs
3240931546360
3240931546353
3596710460557
3608580787631
3608580765653
3608580765684
3045320517699
3596710333844
3596710393831
3254560072695
3254560041264
3596710214815
3596710021369
3596710416561
3596710492510
8076800376999
3254560016873
3596710330959
3073190101250
3073190101069
5410126152159
3254565194293
3596710416202

# Légumes
3270160102068
3270160011216
3270160016594
3270160879663
3270160596973
3270160101238
3270160065424

# Autres viandes ou poissons
3270160159468
3270160884124
3270160742196
3512690002068
3512690003805
3270160178292
3270160743599
3270160740093
3270160792726
3270160595488
3270160035724
3270160860036
3273230277895
3254566490325
3039050643018
3327750001161
3245415348850
3760121217967
3661112801373
3661112082581
3250390694731
3250393211935
3256224395942
3256224129080
3256224129097
3596710409037
3181454661430
3596710401598
3596710538379
3181450100599
3254560267350
3254567065904
3596710541300
3596710538386
3181450100605
3254560267244
3512690000972
3275461006398
3449865292231
3256228101174
3596710538614
3449865327551
8410843105152
8410843077657
3596710344260
3254560182943
3254560182301
3596710448746
3596710348923
3449865294044
3256224632634
3596710529148
3596710520343
3254560067691
3250393069574
3449865292231
3256228101174
3596710538614
3449865327551
8410843105152
8410843077657
3449865335761
3449865375019
3375220201726
3375220201719
3449865379482
3449865328688
3449865240898
3560071464486
3596710438143
3250390920380
3250390920359
3256220509121
3449865409202
3449865408700
3449865408717
3596710344260
3449860415703
3449860415727
3275560110019
3275560110026
3596710535781
8020819008389
3498301003344
8020819000642
3450160005259
3564706765160
3250391159215
3375220201757
3466250501235
3579260039398
3661112504267
3466250501549
3256224375654
3498301003320
3334040000292
3254563250991
3334040000391
3334040000209
3596710424399
3498301003474
3512690000675
3356650004453
3181232201056
3564700422144
3564700466742
3564700422168
3266980038342
3564706766808
3564709052557
3104544077959
3266980415259
3266980257958
3450970006743
3269660003708
3266980153212
3266980675080
3596710459841
3266980784614
3230890759437
3586415332884
3266980013752
3531940173006
3564706766846
3266980134556
3266980202767
3254560162600
3270160168125
3266980467111
3560070416462
3276280089289
3266980845827
3270160607198
3270160147571
3275461007098
3180054010136
3180054010273
3449865249853
3596710408993
3596710408924
3596710408931
3254569226693
3242272256656
5762385060028
3302740005039
3537580706123
3596710424337
3596710360505
3564700001127
3449860419831
3449860419855
3564709199818
3450971459104
3596710461721
3242272890959
3596710538362
3596710538409
3449865230394
3596710383788
3596710451128
3596710344635
3596710407149
3596710440849
3095758915017
3256225735839
3596710462766
3250392555481
3256227752742
3760113765520
3512690003379
3512690003362
3596710296811
3596710411450
3266980474065
3436598135997
3661112069919
3248830000587
3596710444908
3700518701037
3700518701020
3113010170599
3250390867036
3266980045111
3033610024217
3113010169098
3113010169081
3113010169104
3113010170964
2663125000000
2827457000000
2440723000000
3266980382155
3254566490332
3418590000442
3250391535224
3512690000460
3512690003478
5053990162765
3596710016112
3560071247119
0213329000000
3531940163007
3660992018253
3266980318857
3571320831294
3560071543020
0211633000000
3266980275891
3560070472024
3560071239206
3571320935312
3523680356313
3266980282936
3266980675790
3531940295005
3531940333004
3283440301389
3560070471959
3560071247089
3266980011116
3254560346734
3560071448851
3760383400176
3230890737343
3700342359312
3700342358339
3700342358322
3700342359329
3095756196012
3154230801023
3459860004302
3245412161971
3459860001103
3512690004642
3560070704118
7290000367453
3266980037802
3302740058660
3560070579778
3560070872619
3270190203414
3270190203407
3302740059193
3302740059209
3512690001320
3302740100697
3302740100635
3245413881458
3095753234014
3512690004215
3560070503827
3560071488086
3459860004760
3095750507012
3700141404237
3436590082299
3459860005736
3154230811428
3154230800965
3154230800996
3560070932610
3560070589654
3560070929177
3095757697105
3302740075025
3095756951017
3095757047108
3560071421038
3560071262655
3302740059001
3266980018221
3266980018238
8007141515174
3760371400065
3560071449605
3154230801054
3560070945252
3302740046926
3095751394017
3095757080013
3095752194012
7290003289530
3560071448844
3422210450296
3266980296599
3660992018345
5037583001358
3266980010386
3266980044725
3560071164003
3560071247171
3230890015946
3571320403620
3760177215764
3276559977521
3760177215696

# Rillettes
3073781198201
3073781108422
3073780515931
3292070001781
3292070006564
3292070005161
3292070001576
3596710495283
3095752125016
3024720026543
3024720027724
3024720026895
3760023263932
3276770249476
3760056410587
3760023263956
3276559957738
3350240051322
3165950218510
3276770010731
3564700573792
3350240130119
3560070740598
3350241122519
3560071470197
3760056410655
3391690000744
3760023260030
3365629190011
3276770249469
3760056410440
3760056410570
3365629130017
3760023263987
3245390082596
3365629160014
3483190093354
3336920013842
3760121218223
3760121218230
3350240140118
3024720022019
3560071431778
3560070507726
3560070507832
3560070507757
3350240070316
3560071506339
3263670801224
3760056410594
3760023263949
3365629120018
3245390220660
3596710453238
3596710356768
3564706637818
3579370300760
3523680523395
3365629180012
3560070272099
3245413780270
3760023263963
3564700497463
3019089042242
3325815005307
3760115032897
3760115032880
3760115032873
3019089042228
3596710356751
3019089042266
3253330802654
3560071175542
3523680523401
3283260146009
3365629110026
3365629110019
3365624110014
3365629100027
3019089042235
3263670801200
3365629100010
3245390082589
3560071271213
3560070272129
3245413780287
3560071530150
3564700497425
3283260108007
3564706546356
3700966563706
3700009261019
3760056411355
3276770242897
3760023262478
3024720026208
3018253271006
3350240058819
3350240051018
3365620930012
3760056410648
3024720026628
3661112069438
3661112069339
3661112069346
3024720027748
3292070005178
3164060731926
3164060731933
3596710467792
3596710467815
3234750022303
3596710468034
3596710466818

# Autres
3270160601738
3181232121736
